T:48
p: 15	25	25	20	15	20	15	20	15	20	20	15	15	20	25	20	20	15	20	20	
20	25	15	25	15	25	20	25	15	15	15	25	15	15	25	15	20	15	25	25	
20	25	15	25	15	15	25	25	
c:  13.00	 13.00	 13.00	 13.00	 13.00	 13.00	 13.00	 13.00	 13.00	 13.00	 13.00	 13.00	 13.00	 13.00	 13.00	 13.00	 13.00	 13.00	 13.00	 13.00	
 13.00	 13.00	 13.00	 13.00	 13.00	 13.00	 13.00	 13.00	 13.00	 13.00	 13.00	 13.00	 13.00	 13.00	 13.00	 13.00	 13.00	 13.00	 13.00	 13.00	
 13.00	 13.00	 13.00	 13.00	 13.00	 13.00	 13.00	 13.00	
h:   1.00	  1.00	  1.00	  1.00	  1.00	  1.00	  1.00	  1.00	  1.00	  1.00	  1.00	  1.00	  1.00	  1.00	  1.00	  1.00	  1.00	  1.00	  1.00	  1.00	
  1.00	  1.00	  1.00	  1.00	  1.00	  1.00	  1.00	  1.00	  1.00	  1.00	  1.00	  1.00	  1.00	  1.00	  1.00	  1.00	  1.00	  1.00	  1.00	  1.00	
  1.00	  1.00	  1.00	  1.00	  1.00	  1.00	  1.00	  1.00	
s: 1000.00	1000.00	1000.00	1000.00	1000.00	1000.00	1000.00	1000.00	1000.00	1000.00	1000.00	1000.00	1000.00	1000.00	1000.00	1000.00	1000.00	1000.00	1000.00	1000.00	
1000.00	1000.00	1000.00	1000.00	1000.00	1000.00	1000.00	1000.00	1000.00	1000.00	1000.00	1000.00	1000.00	1000.00	1000.00	1000.00	1000.00	1000.00	1000.00	1000.00	
1000.00	1000.00	1000.00	1000.00	1000.00	1000.00	1000.00	1000.00	
d: 168.06	183.06	172.63	119.62	171.41	126.59	150.26	129.99	188.13	 78.54	157.65	144.08	107.74	154.99	134.52	192.09	 72.26	160.58	171.52	 65.21	
183.17	201.22	180.38	217.28	175.59	 70.01	107.56	204.38	139.12	106.27	 65.21	101.75	121.85	173.30	174.77	216.37	190.44	119.47	153.85	165.29	
171.71	101.29	120.22	135.54	145.65	220.85	165.62	110.00	

B0: 5564.56	
BL:   0.00	
Beita:   0.50	
wucha: 0.0015	