whether ordering in this period: 
x = 1	0	1	0	0	1	0	0	1	0	0	0	0	1	0	0	0	1	0	0	
1	0	0	1	0	0	0	1	0	0	0	0	0	1	0	0	1	0	0	0	
1	0	0	0	0	1	0	0	
ordering quantity: 
y = 351.12	  0.00	454.95	  0.00	  0.00	402.48	  0.00	  0.00	460.02	  0.00	  0.00	  0.00	  0.00	553.86	  0.00	  0.00	  0.00	397.31	  0.00	  0.00	
564.77	 -0.00	  0.00	570.44	  0.00	  0.00	  0.00	457.32	  0.00	 -0.00	  0.00	  0.00	 -0.00	503.52	  0.00	  0.00	629.05	  0.00	 -0.00	  0.00	
528.76	  0.00	  0.00	  0.00	  0.00	423.65	  0.00	 -0.00	
lost sales: 
w =   0.00	  0.00	  0.00	  0.00	  8.71	  0.00	  0.00	  0.00	  0.00	  0.00	  0.00	144.08	  0.00	  0.00	  0.00	  0.00	  0.00	  0.00	  0.00	  0.00	
  0.00	  0.00	  0.00	  0.00	  0.00	  0.00	  0.00	  0.00	  0.00	106.27	  0.00	  0.00	121.85	  0.00	  0.00	  0.00	  0.00	  0.00	  0.00	  0.00	
  0.00	  0.00	  0.00	  0.00	145.65	  0.00	  0.00	  0.00	
end-of-period inventory:
I = 183.06	  0.00	282.32	162.70	  0.00	280.25	129.99	  0.00	271.89	193.35	 35.70	 35.70	  0.00	398.87	264.35	 72.26	 -0.00	236.73	 65.21	  0.00	
381.60	180.38	 -0.00	353.16	177.57	107.56	 -0.00	252.94	113.82	113.82	101.75	  0.00	 -0.00	391.14	216.37	  0.00	438.61	319.14	165.29	  0.00	
357.05	255.76	135.54	  0.00	  0.00	275.62	110.00	  0.00	
demand quantity in each period:
d = 168.06	183.06	172.63	119.62	171.41	126.59	150.26	129.99	188.13	 78.54	157.65	144.08	107.74	154.99	134.52	192.09	 72.26	160.58	171.52	 65.21	
183.17	201.22	180.38	217.28	175.59	 70.01	107.56	204.38	139.12	106.27	 65.21	101.75	121.85	173.30	174.77	216.37	190.44	119.47	153.85	165.29	
171.71	101.29	120.22	135.54	145.65	220.85	165.62	110.00	
effective demand in each period:
Ed = 168.06	183.06	172.63	119.62	171.41	122.23	150.26	129.99	188.13	 78.54	157.65	144.08	 35.70	154.99	134.52	192.09	 72.26	160.58	171.52	 65.21	
183.17	201.22	180.38	217.28	175.59	 70.01	107.56	204.38	139.12	106.27	 12.07	101.75	121.85	112.38	174.77	216.37	190.44	119.47	153.85	165.29	
171.71	101.29	120.22	135.54	145.65	148.03	165.62	110.00	
satisfying demand in each period:
SatD = 168.06	183.06	172.63	119.62	162.70	122.23	150.26	129.99	188.13	 78.54	157.65	  0.00	 35.70	154.99	134.52	192.09	 72.26	160.58	171.52	 65.21	
183.17	201.22	180.38	217.28	175.59	 70.01	107.56	204.38	139.12	 -0.00	 12.07	101.75	 -0.00	112.37	174.77	216.37	190.44	119.47	153.85	165.29	
171.71	101.29	120.22	135.54	  0.00	148.03	165.62	110.00	
end-of-period cash in each period:
B = 2337.84	6914.34	4033.43	6263.13	8703.62	4635.76	6759.67	9359.47	4929.27	6306.72	9424.02	9388.32	9923.82	4424.57	7523.22	11292.76	12737.96	8744.90	12110.09	13414.29	
8354.08	13204.20	15909.90	12573.02	15029.30	16671.99	18823.19	16734.52	18707.50	18593.67	18673.05	21216.80	21216.80	14965.59	19118.47	22364.02	16556.56	18029.47	21710.43	25842.68	
21045.95	23322.44	24990.20	28378.70	28378.70	23816.07	27846.57	30596.57	