各阶段是否生产:
xx= 0	0	0	0	0	0	0	0	0	0	0	0	
各阶段生产量:
yy=   0.00	  0.00	  0.00	  0.00	  0.00	  0.00	  0.00	  0.00	  0.00	  0.00	  0.00	  0.00	
各阶段缺货量:
ww= 203.18	134.21	 77.91	200.79	 75.91	 51.12	225.93	321.30	182.27	171.49	128.64	101.63	
各阶段库存水平:
I=   0.00	  0.00	  0.00	  0.00	  0.00	  0.00	  0.00	  0.00	 -0.00	  0.00	  0.00	  0.00	
各阶段需求量:
d= 203.18	134.21	 77.91	200.79	 75.91	 51.12	225.93	321.30	182.27	171.49	128.64	101.63	
各阶段有效需求量:
Ed= 203.18	134.21	 77.91	200.79	 75.91	 51.12	225.93	321.30	182.27	171.49	128.64	101.63	
各阶段需求满足量:
Satd=   0.00	 -0.00	 -0.00	 -0.00	 -0.00	 -0.00	 -0.00	 -0.00	  0.00	 -0.00	 -0.00	 -0.00	
各阶段资金量:
B= 4000.00	4000.00	2842.37	2842.37	2842.37	2842.37	2842.37	2842.37	2842.38	2842.37	2842.37	2842.37	